2541 2291
2541 3556
2541 6386
2541 5709
2541 5095
2541 3638
2541 1598
1088 1717
1088 1748
1088 195
1088 6063
1088 3037
1088 915
1088 1251
1088 4157
1088 3706
1088 1590
1088 4006
1088 6553
4412 5229
4412 1941
4412 235
4412 5157
4412 3360
4412 4949
4412 5673
4412 2346
4809 3372
4809 4916
4809 6540
4809 4582
4809 4452
4809 5893
4809 206
4809 3026
4809 5016
4809 459
784 2629
784 1178
1760 766
1760 3897
1760 3590
2679 2940
2679 6745
2679 4731
2679 6454
2679 3111
2679 563
2679 3312
2679 1317
2679 2015
2679 5442
2679 893
2679 7032
2679 3444
2679 6471
2679 4941
4980 6806
4980 2584
4980 2685
4980 3107
4980 5603
4980 6986
4980 3582
4980 1956
4980 459
4980 4959
4980 5664
4980 6839
4980 1572
4980 6369
4980 5934
4980 387
5354 2918
5354 4769
5354 2772
5354 1706
5354 4304
5354 5144
5354 1737
5354 4133
5354 3753
5354 4858
5354 940
5354 4542
5354 517
5354 5085
5354 459
5354 4471
5354 3807
5354 425
5354 2141
4109 2259
4109 5164
4109 3497
4109 2971
4109 1607
4109 1263
4109 459
2422 6468
2422 1690
2422 4376
2422 1299
2422 5211
2422 5542
2422 5543
2422 129
2422 4042
2422 2986
2422 2780
2422 4269
2422 3653
2422 1339
2422 6417
2422 2204
2422 3740
2422 2852
2422 6610
2422 1038
5670 1311
5670 6480
5670 3264
5670 5268
5670 4262
5670 2855
5670 6662
5670 4018
5670 4009
5670 6706
5670 2677
5670 4033
2389 4893
2389 7022
2389 3204
2389 829
2389 6151
2389 3461
2389 5240
2389 357
2389 6387
2389 2392
2389 1952
2389 2879
2389 3688
2389 5834
2389 3963
2389 3944
3223 4691
3223 5416
3223 2607
3223 3340
3223 5409
3223 6053
3223 6735
3223 185
3223 5857
3223 1500
507 757
507 1096
507 5527
507 2061
507 6660
507 6942
507 945
507 5085
507 459
6702 1800
6702 3608
6702 6574
6702 3589
6702 4539
6702 5506
6702 4457
6702 5885
6702 1499
6702 4347
6702 5939
6702 3201
6702 7031
6702 3185
6702 5948
710 7015
710 2218
710 2967
710 2503
710 6719
710 4500
710 3611
710 4207
710 5964
710 6710
710 4285
3563 1800
3563 2830
3563 5794
3563 676
3563 2055
3563 6811
3563 3783
3563 5885
3563 5146
3563 882
3563 7016
3563 2275
3563 3813
4728 3466
4728 6818
4728 3332
4728 6687
4728 5302
4728 459
4728 1309
4728 6119
4728 5086
4728 1965
4728 2657
4728 1173
4728 6832
4728 1935
4728 182
3595 6939
3595 6258
3595 3689
3595 4998
3595 6899
3595 2755
3595 2991
386 370
386 6865
386 1921
386 2384
386 4972
386 5463
386 773
2571 370
2571 4421
2571 2124
2571 2473
2571 386
2571 3625
2571 430
2571 6419
2571 4395
1677 3959
1677 6296
1677 691
1677 5060
1677 1440
1677 2593
1677 299
1677 5636
3130 3950
3130 869
3130 5705
3130 6377
3130 969
3130 4878
3130 6767
3130 2514
4417 2582
4417 4081
4417 2835
4417 2368
4417 2470
4417 6385
4417 668
4417 5269
4417 5223
4417 3132
4417 6961
4417 5859
4206 5269
4206 2452
4206 148
4206 3440
4206 4528
4206 3281
4206 3243
316 5533
316 3536
316 817
316 5743
6805 2923
6805 6404
6805 5835
6805 5250
6805 5376
6805 3578
6805 4891
6805 3733
6805 2340
6805 27
6805 3772
6805 2195
6805 389
6805 2205
6805 3327
6805 5649
6805 5067
6805 1911
1925 285
1925 6209
1925 3344
1925 250
1925 5988
1925 1435
1925 1404
1925 2171
602 6775
602 486
602 1131
602 1864
602 2705
602 1411
602 3337
602 3339
602 607
602 1639
602 6343
602 5456
602 5330
602 1601
602 2513
602 6116
602 849
602 305
1410 4271
1410 795
1410 938
1410 4664
1410 5639
1410 5277
1410 4525
1410 1528
1410 1017
1410 5660
1410 3434
1410 385
1410 2202
1410 1246
1410 1515
1410 1444
1410 4134
1410 6166
1410 504
1410 89
5896 2185
5896 859
5896 680
5896 5397
5896 1076
5896 4826
5896 4193
5896 4444
5896 1985
5896 5359
5896 3423
5896 160
5896 3411
5896 104
5896 1481
5896 6269
5896 3315
5896 6713
5896 2984
5896 3272
5896 2853
5896 4684
4318 4739
4318 1204
4318 4023
4318 3597
4318 3154
4318 4022
4318 6188
4318 749
4318 980
4318 5356
4318 6241
4318 1868
4318 774
4318 4508
4318 6395
4318 6623
4318 58
4318 3560
4318 4656
4318 3991
4318 1631
4318 6348
4318 4557
4318 4705
3047 898
3047 1807
3047 1129
3047 4753
3047 4963
3047 3219
3047 5981
3968 3013
3968 3079
3968 6907
3968 6837
3968 4323
3968 2273
3968 381
3968 2303
3968 2846
755 5680
755 6436
755 2761
755 2564
755 1246
755 4685
755 2276
755 6621
755 344
755 5392
755 449
755 6213
755 4713
755 1105
755 2410
755 1809
755 863
6009 20
6009 6643
6009 1623
6009 4031
6009 3149
6009 1969
6009 4685
6009 3141
6009 143
6009 459
6009 2740
6009 605
6009 1236
6009 6213
6009 2761
6009 1678
6009 3612
6009 1350
6009 6601
6009 863
1349 4275
1349 3513
1349 5730
1349 2146
1349 5537
1349 1958
1349 1514
1349 771
1349 4212
1349 645
1349 3632
1349 1539
1349 4070
1349 2005
1349 2817
1349 574
1349 283
1349 3099
1349 481
1349 6293
1349 5165
1349 3046
1349 1270
1698 6443
1698 1942
1698 235
1698 4983
1698 2227
1698 4074
1698 5988
1698 7
1698 1145
1698 2740
1698 887
1698 4704
1698 855
1698 4357
1698 2605
3822 6011
3822 1951
3822 3666
3822 1843
3822 5579
3822 4112
3822 5860
3822 5285
3822 693
3822 4719
3822 683
3822 4960
3822 2386
3822 448
5840 3189
5840 4215
5840 1664
5840 3020
5840 2597
5840 6026
5840 742
5840 5459
5840 565
5840 5044
5840 4439
5840 1773
5840 5312
5840 6898
5840 1720
5840 1135
5840 815
6447 5971
6447 3785
6447 1620
6447 2712
6447 5065
6447 3910
6447 1671
6447 3816
6447 5031
6447 6250
6447 5166
6447 2201
6447 705
6447 866
6447 805
6447 6920
6447 4114
6447 936
6447 1492
6447 2102
6447 2737
6447 629
6447 2016
6447 1335
6447 2251
6447 1081
6447 3471
6447 5873
6447 2379
6447 2858
6447 6251
227 5272
227 1021
227 6364
227 4424
227 2578
227 5334
227 5784
227 3112
227 46
227 821
227 6985
227 647
227 6169
227 3892
227 3244
227 4696
227 400
227 5838
538 5494
538 1156
538 2033
538 1222
538 4853
538 2342
538 4958
538 1948
538 4288
538 5891
538 367
538 385
538 5023
538 2998
538 3863
538 1772
538 1779
538 2325
538 3829
538 1232
538 3830
1083 6333
1083 3230
1083 3738
1083 5180
1083 4554
1083 5486
1083 735
1083 1870
1083 1457
1083 4832
1083 6794
1083 6502
1083 6820
1083 3818
1083 3316
1083 244
1083 112
1083 3212
1083 1313
1083 2686
1083 4524
1083 5216
1083 809
1083 3098
1083 2583
1083 4081
1083 5257
1083 6069
1083 7038
1083 746
1083 642
1083 5189
1083 6754
1083 3469
1083 1381
1083 6649
1083 4568
1083 1592
1083 3768
1083 3918
1083 6537
1083 2979
2232 2197
2232 4329
2232 5653
2232 626
2232 3888
2232 3885
2232 1926
4384 3874
4384 2217
4384 6712
4384 4793
4384 6803
4384 1269
4384 584
4384 3809
4384 3739
4384 5068
5761 4353
5761 5300
5761 1292
5761 3472
5761 4312
5761 1106
5761 4088
5761 4900
5761 3779
5761 3418
5761 5760
5761 2745
5761 3774
5761 5473
5761 6908
5761 7002
5761 3248
5761 3568
5761 1456
5761 2066
5761 4955
5761 6255
5761 404
5761 3810
5761 3093
5761 2902
5761 6347
5761 3144
5761 6666
5761 5864
5761 4465
5761 2802
5761 6935
5761 4833
5761 2815
5761 5277
5761 5923
5761 6518
5761 1615
5761 5344
5761 5314
5761 1871
5761 153
5761 2051
5761 1675
5761 3000
5761 4558
5761 198
5761 2155
5761 5941
5761 1750
5761 4957
5761 5270
5761 1971
5761 4533
5761 3355
5761 1366
5761 2917
5761 3727
4764 6464
4764 6872
4764 535
4764 2020
4764 4083
4764 336
4764 6039
4764 459
4764 5280
4764 5747
4764 5600
434 2695
434 680
434 6165
434 5992
434 4228
434 135
434 7042
434 1587
434 6923
434 4989
434 2265
434 2234
3042 6774
3042 1842
3042 31
3042 5457
3042 825
3042 5
3042 121
3042 3436
3042 3464
3042 2321
3042 268
3042 157
3042 1578
3042 5723
3042 6180
3042 3231
3042 5644
3042 1774
3042 1862
3042 2161
3042 4950
3042 5365
3042 149
3894 6625
3894 5188
3894 1680
3894 1221
3894 4737
3894 3448
3894 499
3894 1658
3894 5744
2309 296
2309 1573
2309 1470
2309 1300
2309 5291
2309 459
2309 4484
2309 2999
2309 1914
2309 3356
2827 3928
2827 1947
2827 5101
2827 3996
2827 5218
2827 2555
2827 5209
2827 459
2827 495
2827 6501
2827 611
2827 5076
2827 2128
6654 6363
6654 5446
6654 3083
6654 5827
6654 3415
6654 3196
6654 5624
6654 126
6654 4740
6654 2391
6654 6097
6654 768
5643 5214
5643 5989
5643 1518
5643 2825
5643 4195
5643 113
5643 6168
5643 459
5643 3396
5643 2159
5643 5014
5643 3134
5643 4713
1714 3309
1714 5473
1714 5686
1714 5408
1714 4088
1714 3630
2478 5622
2478 1700
2478 4459
2478 3765
2478 3948
2478 4615
2478 5782
2478 1583
2478 1821
2478 1703
2478 2751
2478 5131
2975 6963
2975 2493
2975 5265
2975 5732
2975 3446
2975 6338
2975 6243
2252 5316
2252 5035
2252 3594
2252 1496
2252 4266
2252 6450
2252 583
2252 4583
2252 459
1769 2485
1769 3073
1769 3501
1769 4889
1769 379
1769 459
1769 2912
1769 4143
1769 6465
1769 547
1769 6618
1769 6280
1769 3067
1769 1427
1769 4441
2602 5963
2602 5864
2602 1536
2602 1323
2602 1872
2602 6287
2602 2882
2602 1231
2602 559
2602 4388
2602 3394
2602 2864
2602 409
2602 3257
2602 3133
2602 1171
2602 1725
2602 5535
2602 5601
2602 3651
2602 5034
2602 854
2602 3617
2602 3842
2602 2168
6259 2034
6259 1148
6259 4389
6259 4556
6259 4678
6259 2727
6259 2839
6259 3601
6259 6503
6259 2074
6259 2007
6259 5351
6259 1755
6259 4052
6259 3821
6259 4584
6259 6826
6259 3065
6259 4346
6259 5106
6259 4479
6259 6813
6259 4324
6259 401
6259 5163
6259 3515
6259 4297
6259 5207
6259 823
6259 6755
6259 454
6259 4467
6259 6087
6259 5780
6259 5899
5423 4674
5423 427
5423 2167
5423 806
5423 2983
5423 6783
5423 1652
5423 1888
5423 313
5423 2586
5423 6938
5423 6778
5423 339
2087 2829
2087 3626
2087 1806
2087 245
2087 4714
2087 2231
2087 3432
2087 2683
2087 1092
2087 1833
2087 2927
2087 1272
2087 2164
2087 6267
2087 4845
2087 9
2087 4976
2087 5375
2087 3510
2087 5041
2087 6194
2778 138
2778 4975
2778 2519
2778 1955
2778 4277
2778 4772
2778 954
2778 459
2778 3180
2778 3128
2778 6525
2778 5508
2778 509
2230 3068
2230 960
2230 6504
2230 6337
2230 2913
2230 4637
2230 6765
2230 1563
2230 7007
2230 1789
2230 1215
2230 6222
2230 2138
2230 4644
2230 5466
2230 7012
2230 3784
2230 2538
2230 3848
2230 1602
5961 2419
5961 421
5961 3173
5961 3009
5961 5097
5961 6149
5961 3260
5961 5752
5961 74
5961 1471
5961 3699
5961 1304
5961 4810
5961 2267
793 5124
793 1188
793 5902
793 2697
793 4632
793 2083
793 278
793 5201
793 3321
2072 1519
2072 2225
2072 6107
2072 2620
2072 6483
2072 5333
2072 5975
2072 1699
2072 4364
2072 1486
2072 6799
2072 11
2072 1953
2072 812
2072 693
2072 5518
2072 727
2072 6771
2072 6344
2072 1624
2072 4780
2874 4363
2874 6274
2874 4781
2874 3012
2874 6661
2874 3103
2874 1876
2874 2548
2874 2220
6870 2197
6870 2942
6870 3114
6870 1293
6870 428
6870 3129
6870 5277
6870 2089
6870 6558
6870 5112
6870 1342
6870 2663
6870 4039
6870 5895
83 3428
83 4102
83 1949
83 3050
83 5713
83 6129
83 5028
83 5277
83 5239
83 3902
83 1537
83 5328
83 4713
83 1400
83 3975
83 6071
83 5529
83 6138
83 6922
83 4129
83 3559
83 5324
83 183
82 2668
82 2147
82 4716
82 5650
82 1207
82 4030
82 5108
82 1369
82 4611
82 4393
82 4971
82 2215
82 3956
82 6947
82 20
82 3316
82 5341
82 851
82 385
82 4145
82 2670
82 3072
82 4392
82 3946
82 3748
82 5807
5832 1227
5832 5791
5832 2876
5832 4781
5832 2038
5832 6117
5832 1452
5832 2196
5832 2424
5832 2646
5832 5919
5832 1891
5832 2926
5832 4365
5832 1134
5832 6017
5832 6470
2878 6051
2878 6479
2878 4418
2878 3734
2878 4081
2878 713
2878 2587
2878 4504
2878 2926
2878 6314
2878 3361
2878 1795
2878 2306
3596 5105
3596 375
3596 1753
3596 858
3596 5404
3596 6277
3596 1904
3596 1916
3596 974
3596 1468
3596 5681
3596 20
2536 5447
2536 383
2536 1344
2536 4675
5619 5227
5619 3775
5619 169
5619 4054
4766 3232
4766 1989
1594 6768
6492 2067
6492 4472
6492 6203
6492 6007
6492 5935
6492 1364
6256 5458
6256 3687
6256 5804
6256 3484
3124 3393
3124 40
2534 2308
2534 6004
2534 1362
2534 5275
2099 3618
2099 286
2099 1467
2099 1437
2099 1361
6298 2153
4218 159
5366 6696
5366 4276
483 2553
483 2601
483 587
483 4831
483 6050
483 3193
483 1660
483 1098
483 284
483 907
483 4990
483 2148
6997 5902
6997 1005
6997 1355
6997 4624
6997 5720
6997 303
6997 2646
6997 2926
6997 232
6997 3092
6997 3972
6997 3275
6997 2876
6997 6737
6997 5788
6997 1082
6997 3203
6997 4803
6997 2193
6997 6051
3376 3572
3376 537
3376 3756
3265 5532
3265 1428
3265 1443
2048 3797
2048 91
2048 3535
2048 752
2048 2186
2048 6515
2048 196
2048 5965
2048 905
2048 5347
511 914
511 6631
511 1190
511 2444
511 3940
511 2980
511 6937
511 827
511 2724
511 6711
511 4367
511 6359
511 5725
511 5526
511 2496
511 3521
511 2004
511 4588
511 1432
511 1307
511 4694
511 1243
511 6062
511 6569
511 3377
511 4662
511 2239
511 5726
511 6572
511 5926
511 4529
511 3852
511 6047
511 1629
5276 1984
5276 436
5276 1544
5276 6002
5276 3241
5276 3936
5276 38
5276 3795
5276 5724
5276 3324
5276 5679
5276 5573
5276 4238
5276 1558
5276 6701
5276 3398
5276 6761
5276 5039
5276 1683
5276 6680
5276 3544
5276 2631
5276 221
5276 1533
5276 2069
5276 6734
5276 1169
5276 2304
5276 4574
5276 2676
5276 1312
5276 876
5276 6231
5276 1844
5276 4154
5276 5230
5276 3016
5276 4899
5276 1509
5276 1084
5276 5775
5276 3613
5276 2535
5286 6458
5286 5647
5286 2336
5286 4340
5286 1731
5286 5292
5286 761
5286 1665
5286 4280
5286 1066
5286 1798
5286 459
5286 5122
5286 3691
5286 1493
5286 1000
5286 5809
5286 5787
5286 6091
6118 2313
6118 3941
6118 4798
6118 6158
6118 1177
1089 3010
1089 2123
1089 6434
3374 154
3374 1451
3374 238
3374 246
4210 2442
4210 4770
4210 939
4210 3299
4210 3976
4210 2828
4210 3875
4210 6441
4210 4740
4210 5251
4210 6876
4210 4851
4210 3974
4210 3843
4210 176
4210 6622
4210 1707
4210 459
4210 2331
4210 4877
4210 3007
4210 1351
4210 5741
2598 4851
2598 2925
2598 1490
2598 1133
2598 5271
2598 3142
2598 3875
2598 3102
2598 6622
2598 3764
2598 459
2598 697
2598 5595
2598 6876
2598 6316
2598 5627
2598 4210
3581 95
3581 906
3581 3107
3581 5092
3581 5045
3581 2530
3581 4962
3581 4461
3581 3834
3581 6321
3581 1726
3581 6003
3581 3186
3581 309
3581 3987
522 684
522 4865
522 1393
522 2432
522 1146
522 3603
522 279
522 2064
522 4925
522 6878
522 2643
522 5652
522 5591
522 2850
522 4098
522 3769
522 4906
522 4144
522 3798
522 5986
522 4360
522 5256
522 1247
522 1268
522 1389
522 5762
522 5806
522 2964
522 5648
6720 3805
6720 6529
6720 5641
6720 6821
6720 1826
6720 3019
6720 3101
6720 156
6720 4309
6720 1995
6720 6675
6720 2803
6720 6982
6720 2082
6720 6214
6720 63
6720 2924
6720 5380
6720 3225
6720 3668
6720 3059
6720 4919
6720 1025
6720 3100
6720 1666
6720 1024
6720 355
6720 4410
6720 3085
6720 733
3966 6991
3966 2212
3966 6703
3966 1696
3966 5181
3966 3686
3966 965
3966 2349
3966 4816
3966 6444
3966 1732
3966 141
3966 4015
3966 435
3966 576
3966 127
1101 2746
1101 3060
1101 1812
1101 5093
1101 1646
1101 4250
1101 2169
1101 390
1101 592
1101 2364
1101 353
1101 5684
1101 5414
1101 6392
1101 4252
1101 2245
1101 794
1101 1459
1101 5870
1101 1407
5394 4350
5394 640
5394 1857
5394 1646
5394 4670
5394 2101
5394 929
5394 1799
5394 395
5394 5769
5394 47
5394 2459
5394 3926
5394 5474
5394 390
5394 6371
5394 4760
5394 353
5394 3855
5394 2588
5394 4842
5394 3977
5394 5243
5394 5293
5394 4638
5394 2245
5394 1459
5577 5441
5577 1012
5577 4176
5577 266
5577 5161
5577 2170
5577 5170
5577 2785
5577 4818
5577 5582
5577 6372
5577 3803
5577 3170
5577 2457
5577 4136
5577 2322
228 3876
228 2376
228 5628
228 707
228 2692
4458 2144
4458 5502
4458 6318
4458 1621
4458 2329
4458 3476
4458 6028
4458 2702
3635 595
3635 6202
3635 5830
3635 3762
3635 7006
3635 6913
3635 3499
3635 6545
3635 2888
3635 1216
3635 6206
3635 2106
3635 3317
3635 6244
1865 738
1865 3288
1865 5402
1865 2789
1865 5669
6996 4000
6996 282
6917 263
6917 1564
6917 506
6917 3694
6917 2012
6917 1162
6917 2944
114 1306
114 311
114 5490
114 5691
114 6895
4153 1184
4153 5865
4153 6187
4153 2070
4153 1545
4153 5186
4153 1151
4153 1828
4153 4592
4153 5693
4153 2634
4153 1634
4153 3228
4153 5738
4153 5470
2919 2464
2919 6895
2919 1141
2919 4676
2919 251
2919 1764
2919 311
2919 203
2919 6620
2919 765
2919 1306
4522 3236
4522 4506
4522 4930
4522 6570
4522 4416
4522 1579
4522 643
4522 6658
4522 6603
4522 6130
4522 99
4522 4545
4522 4666
5946 61
5946 6106
5946 2816
5946 5776
5946 5672
5946 5590
5946 734
5946 243
5946 1463
2098 1616
2098 6916
2098 920
1241 1149
1241 2700
1241 1006
1241 1780
1241 4946
1241 3550
1241 308
1241 890
4651 6652
4651 2428
4651 6723
4651 6245
4651 3631
4651 2343
4651 845
4651 2617
4651 3427
4651 478
4651 1974
4651 1903
4651 1008
4651 3781
4651 1684
4651 5098
4651 2997
4651 5737
4651 240
4651 60
3378 6684
3378 6952
277 132
277 2714
277 5364
541 2385
541 5796
541 1874
541 813
2369 3391
2369 5850
2369 1176
2369 5104
2546 6427
2546 4434
2546 6413
2546 6420
4017 1161
4017 1086
4017 1612
4017 4593
4017 6428
4017 98
4017 292
4017 1256
4017 5781
4017 5415
461 1869
5634 55
5634 1449
5634 2647
5634 2027
5634 3898
5634 2645
5839 4208
5839 5558
5839 1559
5839 3898
5839 6877
88 4301
88 5814
88 1558
88 6919
88 3742
88 2494
88 762
88 1567
88 4604
5719 5009
5719 5753
5719 2143
5719 686
5719 1276
5719 177
5719 6611
5719 2976
5719 3836
5719 4005
5719 1257
3052 1673
3052 1198
3052 2953
3052 5317
3052 398
3052 2418
3052 3406
3052 5234
6495 3483
6495 3370
6495 2907
6495 4189
6495 6144
6495 4264
6495 4625
6495 2345
6495 4065
6495 4630
6495 2730
6495 6921
6495 903
6495 3906
6495 1365
1661 6398
1661 5417
1661 1504
1661 1424
1661 2596
1661 459
1661 3153
1661 1291
1661 1334
1661 3861
1661 2726
1661 2262
1661 1765
1661 2335
1661 6781
1661 247
29 2332
29 6631
29 5002
29 5405
29 6937
29 615
29 1783
29 5910
29 123
29 2433
29 4004
29 6375
29 5607
29 6467
714 6949
714 1863
714 712
714 5335
714 2612
714 2348
714 4029
714 6954
714 5538
714 6162
714 3766
714 6431
714 4667
714 1782
714 810
714 5530
714 6279
714 4555
3287 6790
3287 1679
3287 442
3287 788
3287 2950
3287 4008
3287 5847
3287 2606
3287 5081
3287 2529
3287 1597
3287 5103
3287 3029
3287 6800
4068 3487
4068 5510
4068 4616
4068 4872
2353 3226
2353 2812
2353 6538
2353 2032
2353 241
2353 5182
2353 5489
3182 4811
3182 5253
3182 2890
3182 6059
3182 3937
3182 942
3182 2262
3182 6866
3182 2253
2491 6533
2491 5407
2491 1030
2491 5346
2491 525
2491 4179
4572 2053
4572 5515
4572 3399
4572 7033
6077 1685
6077 199
6077 3341
6077 262
6077 482
6077 1209
6077 775
6077 5612
6077 530
6077 4964
6077 3294
6077 3580
6365 5596
6365 2053
6365 1907
6365 1670
6365 2380
6365 1556
6365 4967
6365 2822
4991 2562
4991 3306
4991 3804
4991 2742
4991 4825
4991 1824
4991 248
4991 4111
4991 6312
4991 6732
4991 2549
4991 4907
4991 6072
4991 3475
4991 1858
4991 687
4991 1744
4991 433
4991 5326
4991 5213
4991 2600
4991 1801
4991 6223
4991 567
4991 695
4991 5872
4991 3538
4991 1370
4991 696
4991 5043
4991 1018
4991 6889
4991 4938
4991 5313
4991 5426
4991 2962
4991 4413
4991 724
4991 853
4991 4377
4991 4750
4991 6082
4991 3903
4991 4660
4991 6234
4991 2324
4991 1326
4991 1103
4991 3907
4991 3939
4991 2814
4991 23
4991 5578
4991 4543
4991 4383
4991 3451
4991 1217
4991 3519
4991 5520
4991 4369
4991 4643
4991 3256
4991 4968
4991 4048
4991 7014
4991 5661
4991 1298
4991 1686
4991 5355
4991 5524
4991 1556
4991 3846
4991 5301
4991 6726
4991 3862
4991 4237
4991 6600
4991 5284
4991 723
4991 3871
4991 5133
4991 2887
4991 6120
4991 4922
4991 1314
4991 4984
4991 2563
4991 1036
4991 5616
4991 4
4991 6647
4991 1065
4991 4464
4991 1822
4991 717
4991 5826
4991 5183
4991 6797
4991 349
4991 3723
4991 1950
4991 5697
4991 785
4991 1356
4991 2341
4991 3648
4991 5759
4991 2557
4991 5629
4991 4453
4991 1710
4991 2078
4991 4904
4991 4530
4991 3565
4991 6814
4991 6926
4991 1069
4991 4746
4991 2808
4991 6834
4991 6510
4991 5005
4991 1194
1604 654
1604 1039
1604 4699
1604 1052
1604 1648
1604 2305
1604 6993
1604 6822
1604 690
1604 1426
1604 3202
1604 5445
1604 3545
1604 5247
1604 7045
1604 5722
3500 2946
3500 4138
3500 5073
3500 6511
3500 759
3500 1233
2318 4608
2318 2898
2318 1170
2318 68
2318 3917
2318 5866
2318 5235
2318 5118
2318 6607
2318 337
438 1226
438 6575
438 1406
4912 273
4912 3794
4912 210
4912 5421
4912 5592
4912 2427
4912 4325
4912 1055
4912 3116
4912 5625
4912 3383
4912 4504
4912 417
4912 6944
4912 572
4912 5109
4912 5929
4912 4531
4912 2664
4912 668
4912 3799
1788 2178
1788 258
1788 737
1788 1886
1788 4860
1788 2556
1788 3671
1788 3311
1788 429
1788 4279
1788 683
1788 3623
1788 2311
1788 2845
1788 6342
1788 4080
1788 157
1788 3325
1788 4196
1788 1953
1788 1880
1788 484
1788 5666
3606 5902
3606 3742
3606 1477
3606 4602
3606 5997
3606 4081
3606 1175
3606 887
3606 937
3606 4163
3606 586
4305 6774
4305 4284
4305 4096
4305 3546
4305 5519
4305 5911
4305 4537
4305 4573
4305 5587
4305 1485
4305 5226
4305 1328
4305 1505
4305 4381
4305 3854
4305 4526
4305 464
4305 6651
4305 758
4305 5477
4305 4199
4305 459
4305 6392
4305 3711
4305 1963
4305 4523
4305 6815
2246 736
2246 858
2246 4854
2246 5751
2246 1294
2246 1919
2246 3543
2246 3736
2246 2283
2246 632
2246 4680
2246 6690
2246 945
2246 3071
2246 879
2246 6750
2246 6692
2246 3431
2246 6619
2246 4741
2246 175
2246 2611
2246 5772
2246 459
2246 356
2246 2113
2246 6247
2246 948
2246 7043
2246 6472
2246 1363
2246 2412
2246 3621
30 5947
30 5864
30 1635
30 5967
30 1199
30 165
30 5462
30 452
30 4541
30 5478
30 1136
30 2137
30 3999
30 5080
30 4887
30 6166
30 1854
30 6508
2337 4400
2337 6542
2337 880
2337 4204
2337 4303
2337 2105
2337 608
2337 5377
2337 6074
2337 5843
2337 457
3585 5321
3585 280
3585 5053
3585 5040
1413 4425
1413 3881
1413 6512
1413 1625
1413 3455
1413 2458
1413 5991
1413 3916
1413 3979
1413 2687
1413 3640
1413 2632
703 1479
703 6633
703 1902
4775 2450
4775 3641
4775 637
4775 917
782 536
782 4059
782 5757
782 5621
782 5241
782 50
782 459
782 4486
782 6112
782 3419
782 6789
782 4120
6218 6968
6218 3074
6218 983
6218 6744
6218 2209
6218 3514
6218 155
6218 80
6218 5208
6218 5438
6218 1503
6218 620
6969 6871
6969 6320
6969 577
6969 6425
6969 5541
6969 459
6969 3599
6969 5564
6969 2233
6969 4475
4091 4331
4091 4040
4091 3143
4091 4118
4091 471
4091 5342
4091 6638
4091 1460
4091 5160
4091 1147
4091 2884
4091 6124
4091 100
1003 4992
1003 5536
1003 6663
1003 4709
6036 1377
6036 254
6036 1640
6036 2184
6036 4448
6036 4322
5571 910
5571 5311
5571 3218
5571 2298
5571 49
1605 6096
1605 958
1605 6784
1605 3460
1605 6112
1605 6568
1605 877
1605 4150
1605 459
3763 5013
3763 5019
3763 6714
3763 5984
3763 6998
3763 6031
3763 6579
3763 888
3763 6378
3763 4394
3763 6183
3763 5011
3763 2693
3763 2255
6593 1890
6593 3920
6593 6183
6593 953
6593 2261
6593 2263
6593 319
6593 5194
6593 144
6593 4700
6513 4300
6513 546
6513 236
6513 2437
6513 4844
6513 2892
6513 25
6513 2871
6513 4871
6513 212
6513 1627
6513 3853
6513 1248
6513 2107
6513 90
6513 2397
6513 211
6513 2151
3558 4754
3558 3445
3558 4514
3558 6469
3558 6499
3558 2558
3558 5944
3558 4507
3558 6460
3558 5598
3558 1756
3558 3710
3558 6848
3558 6672
3558 3482
3558 2667
3558 4873
3558 2736
3558 3438
3558 4200
3558 2720
3558 3880
3558 1329
3558 6626
3558 5617
3558 1716
3558 4240
3558 4035
3558 4553
3558 5352
3558 2569
3558 609
3558 1981
3558 5903
3558 7028
3558 550
3328 5017
3328 5018
3328 1987
3328 2691
3328 1240
3328 6199
3328 5942
3328 5119
3328 5996
3328 3181
3697 3252
3697 7024
3697 4174
3697 377
3697 5765
3697 2955
3697 6273
3697 6738
3697 5718
3697 2160
3697 3622
3697 5171
3697 179
3697 992
3697 5978
6819 985
6819 6260
6819 145
6819 5675
6819 1056
6819 3526
6819 5391
6819 6309
6819 6557
6819 1394
6291 6090
6291 6589
6291 2047
6291 639
6291 1654
6291 2476
4970 2747
4970 2525
5156 1643
2361 6892
2361 2633
2361 5646
2361 5854
2361 5338
2361 3062
2361 1258
2361 71
5712 6809
5712 1319
5712 5676
5712 4999
5712 4631
5712 85
5712 6896
5712 3005
5712 5586
5712 354
5712 4689
5712 6875
3554 2084
3554 2115
3554 4876
3554 6215
3554 3662
3554 5868
3554 1831
3554 1154
3554 3782
3554 3069
3554 6248
3554 2623
3554 5793
6746 6394
6746 35
6746 5348
6746 1548
6746 3692
6746 5507
6746 4804
6746 2804
6746 2857
6746 5448
6746 2957
6746 3467
6746 6924
6746 1117
6746 3321
6746 565
6746 2328
6746 6147
6746 391
6746 6517
6746 769
6746 4702
6746 5389
6746 3823
6746 6906
1228 1095
1228 5523
1228 6040
1228 87
1228 2136
1228 2029
1228 3254
1228 6440
1228 2856
1228 3169
1228 5553
1228 1991
1228 6403
1228 1295
1228 1959
1228 5100
1228 4978
1228 3402
4974 950
4974 4368
4974 7019
4974 969
4974 4650
4974 4460
4974 4610
4974 4028
4974 4890
4974 6270
4974 5878
4286 5876
4286 5099
4286 828
4286 2624
4286 562
4286 4115
4286 1415
4286 6641
4286 3707
4286 3162
4286 3080
779 4835
779 756
779 5244
779 5525
779 407
779 6556
779 4075
779 1063
779 2463
779 5976
779 5548
779 2903
779 2295
779 5889
779 3741
779 1885
779 136
779 1330
779 531
779 4634
779 2866
779 6962
4849 1962
4849 1476
4849 3509
4849 781
4849 6845
4849 2250
4849 175
4849 4854
4849 948
4849 4897
4849 2354
4849 1554
4849 2203
4849 172
4849 1412
3745 878
3745 5387
3745 6225
3745 3532
3745 4536
3745 675
3745 6989
3745 3610
3745 5329
3745 6367
3745 1222
3745 4172
3745 3251
3745 6100
3745 1409
3745 2848
3745 468
3745 5690
3745 475
3745 967
3745 3424
3745 1453
3745 2130
3745 4476
3745 5193
3745 6193
3745 3364
3745 3211
3745 408
3969 6999
3969 1613
3969 729
3969 4794
3969 2545
3969 2394
3969 4466
3969 3743
1244 2766
1244 6068
1244 3627
1244 6236
1244 16
1244 2362
1244 2654
1244 459
1244 79
1244 5138
1244 3725
1244 5883
1244 2449
1244 3267
1244 6596
1244 6825
1244 4258
1244 2356
1244 3425
5640 3158
5640 2150
6331 2378
5871 4944
5871 6379
5871 4338
5871 3616
5871 6018
5871 6200
5871 4158
5871 2560
5871 4663
111 5029
111 1390
111 5450
111 1982
111 590
111 3796
111 459
111 5295
111 4626
111 5585
111 3279
111 2410
456 1353
456 736
456 2559
456 2987
456 1836
456 2614
456 4727
456 4142
456 459
456 1835
456 6791
456 5785
456 4151
456 3819
456 360
1860 6715
1860 5774
1860 5084
1860 6915
4270 5436
4270 48
4270 1441
4270 1267
4270 6023
4270 787
4270 94
4270 5479
4270 5881
4270 2109
4270 5336
4270 3905
5950 1558
5950 6239
5950 3547
5950 4734
5950 6847
5950 4932
5950 6010
5950 4427
5950 3089
5950 1786
5950 459
5950 6958
5950 18
5950 3886
5950 1743
5950 1232
5950 2893
5950 1933
6827 5945
6827 315
6827 2881
6827 682
6827 6580
1560 2915
1560 5974
1560 2288
1560 610
1560 4429
1560 459
1560 1829
1560 3478
1560 4852
1560 5914
1560 5593
3459 2288
3459 5914
3459 610
3459 1560
3459 5593
3459 2017
5887 487
5887 3604
5887 996
5887 4566
5887 5126
5887 7040
5887 2393
5887 3517
5887 2134
5887 5125
5887 2672
5887 4130
2117 3523
2117 4802
2117 2841
2117 1422
2117 3574
2117 4668
2117 6591
2117 1102
2117 5308
2117 4391
2117 2264
2117 4577
2117 4943
2117 553
2117 459
2117 6992
2117 360
2117 5015
2117 2052
3714 3750
3714 4449
3714 1761
3714 4185
3714 4725
3714 2100
3714 193
3714 4874
3714 3307
3714 208
3714 6374
3714 3190
3714 2191
3714 4548
3714 459
3714 6959
3714 6418
3714 6738
3714 4394
3714 6912
3714 6181
3714 4768
3714 2487
3714 956
4817 4549
4817 3932
4817 5265
4817 364
4817 5236
4817 3021
4817 510
4817 3586
4817 1561
4817 3323
4817 6980
6065 3953
6065 944
6065 2996
6065 927
6065 385
6065 1458
6065 6762
6305 3789
6305 6114
6305 904
6305 5277
6305 2528
6305 3435
6305 2011
6305 6435
6305 385
6305 6230
6305 5141
6305 115
6305 1569
6305 2434
6305 4307
6305 4993
6305 2684
6305 5110
6305 6034
3401 3024
3401 5584
3401 3811
3401 4703
3401 7011
3401 6067
3401 331
3401 5277
3401 521
3401 4348
3401 1164
3401 4182
3401 1851
3401 6008
3401 3453
3401 459
3401 2783
3401 2577
3401 1249
3401 4618
3401 4715
3401 2651
3401 7048
4613 4021
4613 3408
4613 856
4613 1894
4613 4498
4613 1861
4613 164
4613 459
4613 3351
4613 4165
4613 5277
4613 1302
4613 5681
4613 6166
4613 4618
4613 772
4613 1480
4613 5732
4274 3577
4274 2241
4274 2757
5801 3006
5801 3002
5801 1116
5801 6371
5801 2669
5801 81
5801 4953
1688 92
1688 2145
1688 5786
1688 3660
1688 5811
1688 3163
1688 6747
1688 459
1688 4124
1688 6433
1688 6104
1688 1324
1688 6025
6289 2863
6289 467
1139 2952
1139 5656
1139 1591
3070 1825
3070 3981
3070 2079
3070 2157
3070 760
3070 3688
3070 5307
3070 3562
3070 2680
1839 999
1839 6798
1839 3935
1839 3688
1839 3735
1839 4341
1839 2277
1839 3097
1746 1908
1746 1628
1746 5037
1746 1007
1746 2777
1746 4527
1746 189
1746 3151
1746 1123
1746 6943
1746 5861
1746 1973
1746 3675
3522 207
3522 597
3522 6722
3522 6125
4308 3183
4308 6380
4308 5813
4308 3416
4308 410
4308 1901
4308 5484
4308 1693
4308 459
5626 1993
5626 2235
5626 5038
5626 840
5626 1928
5626 2649
5626 7017
5626 2462
5626 4123
5626 4016
5626 4049
5626 4027
5626 6430
5626 2460
5626 6650
5626 2931
5626 4902
5626 2719
5626 6792
5626 6156
515 6879
515 352
515 5701
515 2542
515 1581
515 4024
515 2071
515 4614
515 1289
515 124
515 4061
515 4020
515 5692
515 6964
515 459
515 1913
515 5369
515 4469
515 6890
1200 152
1200 2116
1200 2193
1200 1477
5979 2124
5979 1156
5979 1814
5979 270
5979 4713
5979 533
5979 2133
5979 3003
6836 5825
6836 4867
6836 3860
6836 3919
6836 101
6836 4713
6836 2938
6836 6182
6484 3718
6484 293
6484 6606
6484 3515
6484 4194
6484 6226
6484 3273
6484 459
6484 4161
6484 106
6484 6189
6484 181
6484 1289
6484 5913
6484 4735
6484 6177
6290 4690
6290 857
6290 5191
6290 3404
6290 459
6290 1487
6290 3502
6290 4437
6290 832
2085 3308
2085 5382
2085 432
2085 870
2085 4057
2085 1550
2085 5422
2085 1235
819 1073
819 7004
819 2640
819 791
819 4645
819 3477
819 5920
819 4473
819 6166
819 4388
819 2268
819 5969
1011 3326
1011 6856
1011 157
1011 514
1011 2567
1011 453
1011 7000
1011 4361
1011 4216
6126 7018
6126 6983
6126 4937
6126 4228
6126 5597
6126 5497
6126 2372
6126 4433
6126 1284
6126 6682
6126 3176
6126 3573
6126 1219
6126 3480
6126 6960
3893 1347
3893 1262
2125 2758
2125 4501
2125 1367
2125 2639
2125 1943
4356 288
4356 3107
4356 1348
4356 462
4356 3879
4356 4868
4356 1900
4356 1940
4356 6550
4356 6559
4356 6438
4356 472
4356 2896
4356 5079
4356 5401
4356 1804
4356 459
4356 848
4356 3346
4356 6852
4356 3942
4356 6268
4356 4001
4356 6042
4356 6254
4356 4600
4356 4084
4356 3912
4356 5789
4356 1593
4356 780
4356 6627
4356 5898
4356 1687
4356 1402
4356 5694
4356 3916
4356 6137
4356 2768
4356 1119
4356 6528
4356 5484
4356 5756
4356 6786
3023 3866
3023 4296
3023 1741
3023 5972
3023 3195
3023 1442
3023 6037
3023 5233
3023 5424
3023 4205
3023 4169
3023 2911
3023 5936
3023 2370
3023 6019
3023 918
3023 217
3023 459
3023 2722
3023 5745
3023 998
3023 4117
3023 6207
3023 6984
3023 4128
3023 1611
3023 3220
3023 4223
3023 2963
3023 1109
3023 6597
3023 444
3023 6909
3023 2768
3023 3319
3023 1282
860 3081
860 1009
860 6688
860 598
860 2320
860 3262
860 6326
860 6
860 320
860 4828
860 655
860 2114
860 4784
860 5315
860 3715
860 1046
860 6519
860 6844
860 1232
860 1642
860 5589
447 6582
447 4239
447 5956
447 496
447 1541
447 7046
447 6555
447 161
447 6451
447 5358
447 6691
447 3403
447 2565
447 1379
447 1066
447 3770
447 459
447 6304
447 5962
447 578
447 4148
447 2824
447 2851
447 4762
447 6131
447 6475
447 4014
447 1201
447 6893
447 2216
447 2965
447 1260
447 6127
447 4233
447 4160
447 6633
447 6132
447 3909
447 5576
447 6294
447 6638
447 275
6477 6352
6477 4203
6477 3200
6477 1087
6477 1450
6477 3058
6477 6145
6477 2406
6477 4257
6477 1805
6477 2382
6477 133
6477 399
6477 816
6477 4480
6477 2656
6477 6466
6477 3676
6477 3901
6477 479
6477 1279
6477 4224
5353 4478
5353 3018
5353 16
5353 2458
5353 4319
5353 459
5353 3951
5353 2110
5353 4708
5353 5261
1775 5982
1775 722
1775 578
1775 1379
1775 1058
1775 459
981 2572
981 4249
981 4268
981 5371
981 2166
981 3227
981 1461
981 4374
981 2886
981 4827
981 3729
981 1777
5120 1668
5120 5199
5120 4370
5120 5430
5120 2773
5120 904
5120 2784
5120 4076
5120 459
5120 2666
5120 1026
5120 1044
5120 7049
5120 1712
5120 2604
5120 3284
4166 603
4166 4547
4166 2174
4166 2296
4166 7050
4166 419
4166 3754
4166 4812
4166 13
1734 4426
1734 488
1734 2648
1734 1571
1734 2721
1734 6931
1734 1287
1734 103
1734 1694
4905 843
4905 4327
4905 4942
4905 1034
4905 2300
4905 5132
4905 233
4905 303
4905 5069
4905 3758
4905 6946
4905 5698
4905 3210
4905 120
4905 6371
4905 6598
4905 1996
4905 4443
4905 2592
4905 2588
4905 6858
4905 1338
4905 3194
4905 5927
4905 1888
4905 3921
4905 2821
4905 1225
4905 4888
579 3791
579 1380
579 4808
579 2050
579 5731
579 663
579 3542
579 4492
579 2580
579 1738
579 796
579 403
1859 1510
1859 6804
1859 338
1859 6381
1859 6190
1859 3913
1859 4813
4701 3095
4701 3847
4701 4399
4701 4241
4701 5454
4701 2173
4701 1758
4701 5294
6154 4806
6154 2770
6154 4797
6154 874
6154 5958
6154 3458
6154 5022
6154 2921
6154 1164
6154 3541
6154 2701
4095 6592
4095 5904
4095 5677
4095 3076
4095 634
4095 6644
4095 5550
4095 5623
4095 3382
4095 3373
4095 2103
4095 2799
4095 3025
4095 5419
4095 2709
4095 5631
6356 4103
6356 5264
6356 2608
6356 1986
6356 3205
6356 842
6356 3713
6356 6683
6356 5439
6356 1283
6356 3293
6356 6505
6356 1600
6356 3139
6356 1924
6356 257
6356 4869
6356 6976
6356 3672
3086 3061
3086 528
3086 1644
3086 5464
3086 4837
3086 1929
3086 4170
3086 3485
3086 2970
3086 5823
3086 3525
3086 4820
3086 1705
3086 1278
3086 3726
3086 2788
3086 3652
3086 873
3086 5559
3086 4254
3086 4055
3086 657
3086 834
1905 5431
1905 783
1905 921
1905 4454
1905 158
1905 276
1905 5999
1905 6439
1905 4295
1905 2738
1905 4736
1905 4423
1905 1517
1905 5471
1905 1285
1905 2447
1905 5674
1905 485
1905 6487
1905 6121
1905 5048
1905 4722
1905 3430
1905 2049
1905 4628
1905 2483
1905 2731
1905 6086
1905 6115
1905 6776
1905 3719
1905 2266
1905 6975
1905 3160
1905 2969
1905 6341
1905 1964
1905 1853
1905 3752
1905 7034
1905 1529
1905 2760
1905 4788
1905 3994
1905 1727
3952 4935
3952 6945
3952 2367
3952 2149
3952 6861
3952 4187
3952 865
3952 4419
3952 3392
3952 5547
3952 2242
3952 1630
3952 3296
3952 5746
3952 6828
3952 2653
3952 2285
3952 991
3952 1702
3952 6541
3952 2086
3952 6350
3952 1159
3952 6498
3952 5588
3952 1053
3952 5129
3952 2934
3952 1360
3952 6373
3952 1923
3952 4431
3952 3792
3952 613
3952 2043
3952 3303
3952 3449
3952 542
3952 2764
3952 108
3952 1418
3952 2057
3952 4748
3952 4079
3952 1045
3952 4795
3952 5501
3952 5078
3952 489
3952 3488
3952 6275
3952 41
3952 7035
4214 4910
4214 6586
4214 3298
4214 1107
4214 3760
4214 166
4214 767
4214 5721
4214 2025
4214 2024
4214 4373
4214 884
4214 1100
4281 1638
4281 4293
4281 192
4281 6653
4281 5512
4281 6700
4281 6758
4037 5455
4037 6548
4037 2023
4037 2849
4037 1495
4037 2352
4037 3531
4037 3654
4037 5836
4037 5136
4037 932
4037 5674
4037 3028
4037 7034
4037 6134
4037 4538
4037 649
4037 4060
4037 7053
4037 4299
4037 6358
4037 2301
6357 719
6357 2982
6357 249
6357 5265
6357 2479
6357 6307
6357 500
6357 3724
6357 5266
6357 1448
6357 314
6357 437
6357 2326
6357 616
6357 200
6357 3802
6357 1930
6357 234
6357 459
6357 6242
2181 5957
2181 6523
2181 986
2181 739
2181 4456
2181 1887
2181 1745
2181 459
2181 1542
2181 1158
2181 726
2181 3628
2181 1308
2181 3832
2181 6095
2181 1960
4654 3868
4654 1043
4654 1179
4654 6561
4654 2302
4654 459
4654 3661
4654 2985
4654 1983
4654 5739
4654 274
4654 6655
4763 6679
4763 1667
4763 3505
4763 1383
4763 1085
4763 351
4763 2775
4763 4652
894 2512
894 4631
894 5917
894 4987
894 540
894 5159
894 3066
894 1647
894 2956
894 4339
894 5096
894 6029
894 5449
894 5282
894 490
894 566
894 3744
894 2224
894 2176
894 4106
3700 3358
3700 1465
3700 6016
3700 6628
3700 6724
3700 6299
3700 5395
3700 6971
3700 6012
3700 2958
3700 5662
3700 1121
3700 4840
3700 2013
3700 6681
3700 3983
3700 281
3700 3744
3700 4019
3700 5882
4512 4914
4512 6669
4512 6057
6884 2456
6884 5378
3579 5531
3579 458
3579 3322
3579 6594
3579 2765
3579 73
3579 5287
3579 5977
3579 6639
3579 4596
3579 3865
3579 1327
1751 5614
1751 6452
1751 539
1751 6323
1751 3900
1751 3184
1751 3274
1751 2075
1751 2120
972 3845
972 3570
972 1374
972 3342
972 3443
972 551
972 4232
972 422
52 2477
52 901
52 6103
52 3624
52 1794
52 3300
52 3504
52 5451
52 6052
2435 4047
2435 656
2435 3841
2435 3677
2435 1019
2435 6313
2435 708
393 3620
393 4240
393 2585
393 3353
393 6139
393 1414
393 732
393 3136
393 5399
393 4915
393 4064
2661 6105
2661 2094
2661 600
2661 6902
2661 1229
2661 3779
2661 265
2661 3540
2661 3175
2661 5231
2661 1223
2661 2658
2661 7034
2661 6490
2661 6255
2661 2782
2661 3967
2661 5511
2661 4956
2661 2810
2661 64
2661 3144
2661 306
6217 1375
6217 6490
6217 4100
6217 3540
6217 1340
6217 3175
6217 4823
6217 64
6217 306
6217 1223
327 6491
327 5758
327 6581
327 4657
327 5475
327 5077
327 1918
327 4881
327 2795
327 612
327 4211
327 6830
327 2977
327 3338
327 6972
327 3496
327 6122
327 2725
327 2966
327 4936
327 6353
327 5319
327 2036
327 2508
327 1004
327 4292
327 6973
327 628
327 6405
327 3567
327 1033
327 3343
327 1527
327 3889
327 6516
327 2807
327 2163
327 6886
327 4758
327 5657
327 711
327 1762
327 2301
4490 5134
4490 6708
4490 465
4490 2910
4490 1386
4490 2270
4490 4378
4490 593
3844 3815
5046 1172
5046 1075
5046 4186
5046 4789
5046 2063
5046 4619
5046 647
5046 10
5046 367
5046 6421
5046 3896
5046 1420
5046 5833
5046 4909
5046 2625
5046 5819
5046 4007
5046 4077
1909 1931
1909 5320
1909 5111
1909 6749
1909 1848
1909 4488
1909 4502
1909 4908
1909 3645
1909 1692
1909 1150
1909 6833
1909 1912
1909 2895
1909 2498
1909 3161
1909 3125
1909 3390
1336 560
1336 3929
1336 543
1336 4570
1336 5487
1336 5968
1336 3429
1336 5372
1336 6905
1336 1697
1336 1264
1336 443
1336 3088
1336 1002
1336 822
1336 6308
1336 420
1336 328
1336 5349
1336 5928
1336 534
1336 818
1336 359
1336 3923
1336 1997
1336 6885
1336 3040
1336 4082
1336 4503
1336 3048
1336 4291
1336 3549
1336 844
163 3316
163 5071
163 836
163 4041
163 1526
163 3247
163 470
163 4209
163 1234
163 4923
163 1277
163 6195
163 2793
163 6987
163 5841
163 1474
4171 3148
4171 2706
4171 633
4171 3258
4171 5254
4171 4013
4171 1723
4171 197
4171 4278
4171 1333
4171 5090
4171 1932
4171 368
4171 1866
4171 6609
4171 3127
4320 6221
4320 617
4320 1281
4320 6208
4320 1315
4320 2208
4320 6220
4320 5633
4320 6253
4320 2703
4320 2256
4320 6835
4320 6782
4320 1941
4320 1108
4320 1551
4320 5153
4320 8
4320 1566
201 6667
201 5918
201 831
201 6229
201 3619
201 4655
201 4508
201 4822
201 2488
201 4636
201 1112
201 864
201 5875
201 6108
201 5815
201 2901
201 423
201 6399
201 799
201 1020
201 4342
6730 5042
6730 7039
6730 180
6730 1160
6730 3280
6730 5678
6730 4684
6730 5748
2172 6252
2172 5668
2172 6080
2172 2431
2172 1438
2172 585
2172 5440
2172 526
2172 1603
2172 6185
2172 6355
2172 976
2172 6170
2172 3776
5916 2344
5916 1992
5916 4544
5916 6171
5916 5742
5916 5203
5916 6089
5916 2484
5916 3171
5916 3336
5916 1852
5916 21
5916 97
5916 3808
5916 4629
5916 459
5916 548
5916 3420
5916 3930
5916 3266
194 599
194 5556
194 5305
194 2135
194 4051
194 4771
194 4092
194 4230
194 6657
194 3126
194 5798
194 2659
3250 5288
3250 3720
3250 3800
3250 5114
3250 5773
3250 1740
3250 4283
3250 1469
3250 664
3250 5884
3250 1210
3250 6476
3250 5651
3250 4786
3250 2260
3250 3032
523 6842
523 1721
523 569
523 2411
523 2671
523 3145
523 1967
523 1588
523 5050
523 6731
523 4499
523 3038
523 5228
523 3240
523 1763
523 2247
523 4686
523 5386
523 6301
523 5024
523 3314
2165 1729
2165 1672
2165 1167
2165 3221
2165 5727
2165 4792
2165 3980
2165 5154
2165 6163
2165 4119
2165 5175
2165 4050
2165 1254
2165 935
2165 6027
2165 4796
2165 1585
2165 2988
2165 1881
2165 287
2165 6339
2165 3249
2165 1802
2165 4718
2165 6757
2165 1239
2165 5130
2165 5766
2165 4162
2165 4598
2165 677
2165 5790
2165 4929
971 1546
971 3387
971 852
971 5897
971 4336
971 2240
971 2461
971 1722
971 4386
971 45
971 3123
971 1478
971 2561
971 5025
971 2192
971 6329
971 1575
971 3790
971 4711
971 224
971 2932
971 1265
971 6099
971 6812
971 3561
971 4509
971 1502
971 6449
971 1691
971 2690
1128 426
1128 1230
1128 591
1128 2859
1128 2092
1128 5727
1128 2526
1128 4792
1128 833
1128 4242
1128 6739
1128 5367
1128 4359
1128 4576
1128 2236
1128 1568
1128 5325
1128 4107
1128 3367
1128 730
1128 621
1128 2589
1128 1214
1128 2377
1128 6717
1128 2836
1128 4857
1128 1174
1128 6536
1128 6668
1128 2413
1128 341
1128 1538
1128 1354
1128 1013
1128 4236
3426 2315
3426 6014
3426 1472
3426 1118
3426 2037
3426 146
3426 5715
3426 6981
3426 5993
3426 4273
3426 402
3426 2904
3426 5522
3426 3229
3426 5704
3426 2199
3426 56
3426 3233
3426 3255
3426 3365
3426 415
3426 222
3426 3998
3426 4428
3426 5169
3426 3943
3426 792
3426 6934
3426 2410
3426 230
3426 3704
3426 2009
3426 6539
3426 1078
3426 6509
3426 6520
3426 5259
3426 5075
3426 5318
3426 1049
3426 119
3426 5064
3426 6535
3426 1878
3426 2081
3426 6272
3426 5714
3426 5249
3426 3899
3426 595
3426 6157
3426 2522
3426 1051
3426 76
3426 2008
3426 861
3426 1830
3426 2636
3426 1827
3426 532
3426 5461
3426 5549
3426 4847
3426 5323
3426 6648
3426 3417
3426 6783
3426 348
3426 2500
3426 6109
3426 5054
3426 6843
3426 2395
3426 1540
3426 5485
3426 4621
3426 2813
3426 4952
3426 580
3426 2398
3426 3831
3426 4653
3426 151
3426 5799
3426 1180
3426 4132
3426 3556
3426 1847
3426 4830
3426 6766
3426 3468
3426 2723
3426 1318
3426 5534
3426 4778
3426 494
3426 3499
3426 4945
3426 5778
3426 770
3426 6936
3426 4181
3426 3992
3426 1372
3426 7026
6932 2026
6932 6651
6932 5143
6932 1759
6932 5374
6932 6938
6932 3117
6932 3474
6932 1014
6932 1563
6932 5212
3320 4839
3320 3787
3320 473
3320 75
3320 5020
3320 5057
3320 6055
3320 902
1701 4073
1701 2872
1701 168
1701 6175
1701 934
1701 5088
1701 2756
1701 1124
1701 256
1701 3705
1701 2131
1701 2678
1701 3840
1701 2990
1701 3206
1701 6066
1701 3533
1701 6859
1701 6941
1701 369
1701 4335
1701 997
1701 2333
1701 1776
1701 6462
1701 886
1701 1273
1701 3670
1701 5498
1701 3663
1701 6549
1701 3106
1701 3001
1701 1650
1701 2108
3512 2708
3109 5544
3109 5117
3109 3512
3109 6000
3109 3527
3109 2516
3109 4097
3109 1417
3109 6605
3109 3049
3109 6875
1525 1047
1525 5357
1525 6297
1525 6306
1525 492
1525 2059
1525 3412
1525 28
1525 2000
1525 3934
1525 6192
1525 1944
1525 3611
1525 424
1525 5767
1525 345
1525 5894
1525 5808
1811 5267
1811 4067
1811 6990
1811 5620
1811 2940
1811 1040
1811 6454
1811 3150
1811 563
1811 947
1811 4518
1811 5442
1811 7032
1811 2619
1811 2762
1811 6471
1811 3508
1811 5094
1811 6670
7013 6045
7013 763
7013 3470
7013 469
7013 4294
7013 3409
7013 1491
7013 6160
7013 5905
7013 4093
7013 2899
7013 5345
7013 919
7013 6868
7013 6853
7013 838
7013 5749
7013 5185
7013 6349
7013 1530
7013 3157
7013 2062
7013 3345
7013 5205
7013 3291
7013 4587
7013 1889
7013 6006
3985 4744
3985 3751
3985 2616
3985 1507
3985 6429
3985 665
3985 6346
3985 4177
3985 396
2867 5052
2867 6414
2867 2405
2867 2127
2867 4234
2867 3849
2867 3239
2867 674
2867 1513
2867 4029
2867 459
2867 4147
2867 1531
2867 3615
2867 4397
2867 1532
2867 2847
2867 6891
3454 3055
3454 1434
3454 2466
3454 2794
3454 850
3454 2885
3454 2200
1001 290
1001 6101
1001 1362
1001 909
1001 1708
1001 2717
1001 6224
1001 5980
1001 1910
1001 1430
1001 841
1001 5275
1001 6729
1001 694
1001 5184
661 2019
661 1031
661 2054
661 3152
661 6340
661 3709
661 6083
661 2338
661 6212
661 37
661 3334
661 2908
661 4920
661 6707
661 6727
750 650
750 4843
750 4255
750 3555
750 4924
750 973
750 118
750 2218
750 5892
750 3410
750 896
750 5566
750 6693
750 6914
750 362
750 4328
750 4436
750 96
750 4564
750 6522
750 382
750 2446
750 6552
750 1028
750 975
750 5388
750 3213
750 4099
750 581
750 0
750 4838
750 3938
750 3680
750 4866
750 669
750 5279
750 3891
750 3746
750 2286
750 6733
750 2030
750 5232
750 2121
750 6198
750 4560
750 5851
3405 2381
3405 4590
3405 3304
3405 6957
3405 4927
3405 3593
3405 2728
3405 2880
3405 2060
3405 4078
3405 4235
3405 2622
3405 5852
3405 679
2728 6407
2728 6567
2728 4235
2728 5792
2615 4511
2615 1512
2615 6956
2615 4164
2615 4201
2615 3313
2615 373
2615 459
2615 4745
2615 1
2615 4388
2615 4408
2615 1125
2615 310
2615 1922
1253 589
1253 5198
1253 3064
1253 6802
1253 667
1253 1934
4415 4756
4415 2183
4415 2732
4415 5561
4415 6058
4415 1185
4415 5940
4415 1328
4415 7001
4415 1825
4415 3854
4415 5711
4415 5966
4415 5047
4415 4747
4415 459
4415 740
4415 6392
4415 3814
4415 4940
4415 2035
4415 3159
4415 3104
4415 4056
4415 2249
4415 4661
4415 6659
4415 4749
4415 7008
4415 3395
4415 2448
4415 4552
4415 3883
4415 1010
4415 2704
5113 4190
5113 1897
5113 6565
5113 342
5113 459
5113 2257
5113 5552
5113 6725
5113 6974
5113 6489
4846 6041
4846 5879
4846 1978
4846 4805
4846 6854
4846 116
4846 5671
4846 629
4846 6873
4846 685
4846 2379
4846 2278
2894 5133
2894 5697
2894 1589
2894 990
2894 307
2894 2486
2894 2581
2894 1858
2894 3115
2894 3486
2894 3110
2894 1421
2894 6551
5611 291
5611 797
993 3685
993 5645
993 1614
993 6743
2948 6543
2948 4623
2948 6354
2948 2006
2948 3205
2948 4435
2948 5296
6345 4137
6345 5831
6345 1182
6345 4167
6345 4724
6345 5824
952 2507
952 4640
952 826
952 4692
952 995
952 363
952 1968
952 582
952 747
952 6671
952 5176
952 814
952 6481
952 1875
3681 378
3681 3925
3681 2759
3681 3
3681 6161
3681 688
3681 3057
3681 2865
3681 2468
3681 416
3681 1977
1570 1028
1570 5608
1570 1288
1570 1299
1570 5702
1570 6678
1570 3282
1570 2550
1570 4513
1570 4921
1570 5345
1570 4838
1570 67
1570 6527
1570 4866
1570 6146
1570 6777
1570 6829
1570 6614
1570 1882
1570 6610
1570 4126
3039 4192
3039 4620
3039 5469
3039 5750
3039 933
3039 6719
3039 1126
3039 2451
3039 4401
3039 3978
3039 4601
5496 2401
3389 3937
3389 6044
3389 7053
3389 982
3389 170
3389 6088
1029 4259
1029 573
1029 3824
1029 6397
1029 5200
1029 5491
1029 3696
1029 5467
1029 2897
1029 3679
1029 102
1029 2837
1029 6531
1029 4875
1029 5152
1029 4140
2403 4213
2403 5883
2403 24
2403 3730
6054 6882
6054 6846
6054 4898
6054 2415
6054 619
6054 3827
6054 321
6054 3008
6054 5575
6054 3205
105 3771
105 3331
105 5820
105 1237
105 1192
105 4105
105 3362
105 804
105 2210
105 5710
105 26
105 2399
105 264
105 1358
105 2869
105 5121
105 2873
105 6810
105 4961
105 167
105 5755
105 6583
105 2190
4671 1359
4671 6412
4671 3771
4671 2355
4671 5699
4671 5177
4671 4272
4671 2222
4671 1819
4671 4072
4671 1879
4671 2190
4671 5708
2293 1520
2293 6388
2293 6634
2293 5062
2293 6303
2293 6454
2293 1138
2293 459
2293 3051
2293 4414
2293 345
2293 6635
2293 4489
2293 3747
2293 2347
2868 57
2868 5242
2868 86
2868 2039
2868 2806
2868 6940
2868 334
2868 1879
2868 2290
6317 3591
6317 638
6317 1674
6317 3698
6317 1115
6317 4225
6317 6382
6317 5302
6317 7030
6317 2119
6317 4246
6317 5638
6317 6265
6317 5685
6317 134
6317 6408
6317 191
6317 3701
6317 93
6317 2416
6317 704
6317 6883
6317 6736
6317 1132
6317 3222
6317 1877
6317 2609
6317 5803
6317 2860
6317 2694
6317 3347
4824 3598
4824 764
4824 4730
4824 5051
4824 1218
4824 5800
4824 4178
4824 66
4824 2339
4824 2744
4824 2743
4824 3737
2097 2065
2097 1156
2097 4883
2097 4785
2097 2575
2097 912
2097 6197
2097 2031
2097 5277
2097 5907
2097 5331
2097 5683
2097 4757
2097 1856
2097 3022
2097 6389
2097 2673
2097 4451
2097 459
2097 2028
2097 226
2097 5828
4398 4198
4398 5931
4398 5087
4398 6640
4398 5260
4398 6310
4398 7006
4398 1079
4398 5663
3135 4674
3135 6020
3135 5163
3135 2779
3135 2350
3135 7020
3135 3964
3135 1915
3135 1373
3135 3286
3135 2831
3135 1577
6261 1998
6261 6368
6261 1770
6261 5863
6261 4682
6261 4265
6261 1023
6261 6995
6261 6888
6261 881
6261 6081
6261 6978
6261 5901
6261 2213
6261 1936
6261 3867
6261 2937
6261 2682
6261 627
6261 1521
6261 2954
6860 2994
6860 800
6860 659
6860 122
6860 5055
6860 302
6860 2357
6860 6457
6860 2287
6860 2838
6860 4508
6860 6564
6860 3354
6860 5217
6860 3870
6860 5875
6860 1208
6860 2628
6860 871
6860 2811
6860 513
6860 1803
6860 5148
6860 1104
5717 6774
5717 4314
5717 4641
5717 3479
5717 3120
5717 2274
5717 5237
5717 4122
5717 1489
5717 1576
5717 397
5717 2010
5717 1797
5717 2713
5717 2207
5717 4687
5717 1979
5717 3688
5717 5998
2594 4681
2594 558
2594 1462
2594 5190
2594 6694
2594 6324
2594 2258
2594 5026
2594 2018
2594 601
2594 786
2594 2819
2594 6524
2594 4879
743 1655
743 1114
743 5581
743 1392
743 2590
743 237
743 5736
743 4519
743 1074
743 6645
743 2843
743 6918
7051 3989
7051 985
7051 1163
7051 5740
7051 5696
7051 1501
7051 253
7051 5675
7051 6128
7051 6557
7051 753
7051 5764
7051 6361
7051 3166
7051 6927
7051 3993
7051 5373
7051 1506
7051 1130
7051 6651
7051 5379
7051 459
7051 6473
7051 340
7051 968
7051 4981
7051 5682
4333 4430
4333 5858
4333 6459
4333 36
4333 5162
4333 1610
4333 6796
4333 1445
4333 6276
4333 1535
4333 2610
4333 1408
4333 3119
4333 1608
4333 4010
4333 1050
4333 4494
4333 3290
3359 2505
3359 1846
3359 2652
3359 3506
3359 1077
3359 2626
3359 4725
3359 5204
3359 1641
3359 1954
3359 596
5615 7047
5615 1035
5615 3646
5615 970
5615 385
5615 2317
5615 4864
5615 6894
5615 3529
5615 5277
5615 5846
5615 304
5615 6437
5615 4603
5615 1391
5615 5007
5615 4679
5615 128
5615 2543
3178 857
3178 4066
3178 3970
3178 6201
3178 2689
3178 2637
3178 459
3178 5173
3178 1015
3178 1332
3178 1337
3178 1580
3178 883
3178 728
2358 6918
2358 1114
2358 5581
2358 1392
2358 3094
2358 2590
2358 237
2358 743
2358 1074
2358 5810
2358 6645
2358 2843
2358 1655
5322 3044
5322 2438
5322 1143
5322 1790
5322 1618
5322 4155
5322 3611
5322 5767
5322 3422
5322 6456
5322 171
5322 4752
5322 1972
5322 459
5322 5056
5322 2338
5322 2805
5322 4627
6076 5955
6076 3933
6076 5583
6076 5509
4884 4301
4884 361
4884 5902
4884 2697
4884 4550
4884 1016
4884 4081
4884 1048
4884 2083
4884 3246
4884 2248
4884 987
3285 3329
3285 3131
3285 5886
3285 3350
3285 1072
3285 1186
3285 4996
3285 4085
3285 552
3285 2188
3285 4219
3285 2002
1186 3329
1186 544
5812 5816
117 5599
117 1849
117 4125
117 1637
117 4774
117 6608
117 2936
117 1357
117 4819
117 5862
3817 2951
3817 3949
3817 1508
3817 4321
3817 1817
3817 2621
3817 4362
3817 811
3817 4450
3817 3388
3817 6286
3817 568
3817 6547
3817 5202
3817 1387
3817 4597
3817 6482
3817 2861
3817 139
3553 889
3553 1454
3553 801
3553 913
3553 5072
3553 7029
3553 3665
3553 5278
3553 6965
3553 1767
3553 209
3553 1945
3553 4231
3553 3292
3553 4759
3553 959
2104 803
2104 862
2104 4863
2104 4659
2104 335
2104 6910
2104 459
2104 2800
2104 4387
2104 1464
2104 4012
2104 5283
2104 564
2104 6030
964 2237
964 4693
964 1433
964 1511
964 2734
964 5565
964 4221
964 2501
964 5370
964 4677
964 5867
964 4354
964 3335
964 3413
964 6423
777 4330
777 3786
777 4951
777 6695
777 6446
777 1662
777 3462
777 6676
777 365
777 3524
777 229
777 2390
777 190
777 4220
777 1651
777 3732
6155 261
6155 6073
6155 1070
6155 6257
6155 3958
6155 5246
6155 2118
6155 2407
6155 204
6155 3209
6155 1423
6390 5642
6390 5063
6390 3247
6390 6911
6390 6526
6390 731
6390 3551
6390 3511
6390 1795
6390 1961
6390 4301
6390 2655
6390 3316
6390 1626
6390 4829
6390 2223
6390 4038
6390 2613
6390 2228
6390 630
6390 2455
6390 4163
6390 2198
6390 1632
6390 6855
6390 6716
6390 5434
6390 5555
6390 6617
6390 1196
6390 5997
6390 4081
6390 5848
6390 2269
6390 6351
6390 5149
6390 5539
6390 1203
6390 5058
6390 5783
6390 4041
6390 405
6390 3437
6390 6661
6390 3872
6390 5435
6390 1242
6390 7021
6390 3450
6390 2465
6390 150
6390 2310
6390 5398
6390 4800
6390 4776
6390 6051
6390 1376
6390 868
6390 4390
6390 1609
6390 2289
6390 6311
6390 1368
6390 1202
6390 4409
6390 5004
6390 5841
6390 1739
6390 4184
6390 6274
6390 3982
6390 4939
6390 6576
6390 859
6390 470
6390 6084
6390 51
6390 1792
6390 6314
6390 1277
6390 1474
6390 6494
6390 1526
6390 4856
6390 255
6390 1994
6390 5594
6390 6756
6390 65
6390 3140
6390 1140
6390 3571
1766 2995
1766 692
1766 2460
1766 6578
1766 4121
1766 5546
1766 678
1766 1165
1766 838
1766 2
1766 5021
1766 5818
1766 1022
1766 1064
1766 4260
1766 963
1766 2527
1766 5554
1766 6615
1766 2852
1766 6140
1766 520
1766 2429
1766 6415
1766 1970
1766 469
1766 830
1766 5361
1766 6123
1766 4128
1766 267
1766 1617
1766 4344
1766 59
1766 2973
1766 272
1766 2417
1766 1339
1766 3022
1766 2422
1766 6133
1766 6079
1766 1482
1766 4783
1766 5574
1766 3548
1766 4947
1766 5659
1766 6445
3348 4517
3348 5902
3348 239
3348 3198
3348 6772
3348 2922
3348 4642
3348 1431
3348 6178
3348 3316
3348 5360
3348 7005
3348 2228
3348 3278
3348 6521
3348 2198
3348 5434
3348 4495
3348 3084
3348 6881
3348 1316
3348 5555
3348 2697
3348 1196
3348 4081
3348 2842
3348 1054
3348 366
3348 3452
3348 6271
3348 5539
3348 3238
3348 1203
3348 5058
3348 4041
3348 405
3348 1381
3348 5429
3348 1175
3348 1242
3348 699
3348 4557
3348 7021
3348 2465
3348 2454
3348 2310
3348 5779
3348 5145
3348 2453
3348 6383
3348 4646
3348 6840
3348 1896
3348 4504
3348 1310
3348 6274
3348 1371
3348 1152
3348 3516
3348 5637
3348 6613
3348 6576
3348 22
3348 3034
3348 5332
3348 1037
3348 4483
3348 6314
3348 5728
3348 1474
3348 4403
3348 1994
3348 4969
3348 5594
3348 6756
3348 418
3348 6411
3348 5135
3348 4069
3348 5952
3348 3379
3348 5642
3348 6911
3348 2083
3348 4071
3348 731
3348 3551
3348 1961
3348 4732
3348 651
3348 4829
3348 4116
3348 2223
3348 6855
3348 1042
3348 3962
3348 1403
3348 2826
3348 3961
3348 330
3348 1005
3348 1057
3348 2469
3348 2269
3348 3605
3348 1382
3348 5954
3348 6661
3348 6152
3348 2875
3348 820
3348 4965
3348 4800
3348 4390
3348 5097
3348 3552
3348 4306
3348 2289
3348 4532
3348 1202
3348 2421
3348 6874
3348 1739
3348 2306
3348 3982
3348 892
3348 2539
3348 3534
3348 5432
3348 2733
3348 6336
3348 6064
3348 3655
3348 2518
3348 6021
3348 4487
3348 6616
3348 6084
3348 5223
3348 1269
3348 2646
3348 1277
3348 1663
3348 1898
3348 6479
3348 6494
3348 2750
3348 1352
3348 1526
3348 255
3348 2854
3348 3203
3348 2490
3348 4607
3348 957
3348 2781
6698 1895
6698 1657
6698 2786
6698 3864
6698 1497
6698 3156
6698 2292
6698 1957
6698 1599
6698 744
6698 4135
6698 6409
6698 4594
6698 6486
6698 5030
6698 1212
6698 3683
6698 3528
6698 6262
6698 4520
6698 4767
6698 174
6698 2682
6698 3146
6698 2618
6698 4248
6698 332
6698 3778
6698 916
6698 5768
6698 3851
6698 2576
6698 5563
1724 1718
1724 2968
1724 5951
1724 4477
1724 6442
1724 2083
1724 5707
1724 6048
1724 4504
1724 6384
1724 5091
1724 2523
5472 2480
5472 242
5472 6562
5472 1547
5472 1275
5472 776
5472 2840
5472 6673
5472 895
5472 2630
5472 5609
5472 4635
5472 1419
5472 702
5472 3731
5472 2660
5472 6571
5472 6930
5472 505
5472 1867
5472 4317
5472 3915
5472 6264
5472 298
5472 2993
5472 3839
1345 109
1345 2506
1345 2139
1345 2359
1345 5127
1345 3609
1345 3873
1345 3859
1345 2152
1345 2154
1345 798
1345 2774
1345 2862
1345 1401
1345 4334
1345 1195
1345 4934
1345 3087
4589 4550
4589 4885
4589 6817
4589 556
4589 1936
4589 4617
4589 5174
4589 69
4589 3035
4589 6686
4589 44
202 5070
202 1166
202 4045
202 6857
202 1768
202 5703
202 6862
202 5179
202 5540
202 4411
202 4375
202 5665
202 414
202 6246
202 2798
202 900
4738 4801
4738 5187
4738 1059
4738 6150
4738 1619
4738 4104
4440 5770
4440 394
4440 4733
4440 3224
4440 6455
4440 5930
4440 2889
4440 5274
670 6928
670 6035
670 2443
670 326
670 225
670 1586
670 498
670 3884
670 6249
670 4721
670 1988
1937 6831
1937 3027
1937 2126
1937 1713
1937 1778
1937 5115
1937 2271
1937 5983
1937 5805
1937 4420
1937 2832
1097 317
1097 1032
1097 4683
1097 512
1097 205
1097 3656
1097 5192
1097 721
1097 3276
1097 6282
1097 2769
1097 1999
1097 2423
1097 5503
1097 374
1097 7044
1097 6577
1097 4044
1097 1399
1097 5420
1097 460
1097 2375
1097 3693
1097 867
1097 4141
1097 5610
1097 6263
1097 837
1097 5482
1097 5483
1097 2978
1097 1168
1097 5557
1097 2735
1097 2595
1097 6632
1097 1649
1097 3788
1097 4380
1097 294
1097 2044
1097 4468
1097 1633
1097 2058
4482 2111
4482 1271
4482 503
4482 6741
4482 6396
4482 6141
4482 4913
4482 5150
4482 5383
4482 6869
4482 5562
4482 493
4482 5263
4482 6173
4482 459
4482 5343
4482 4343
4482 4446
4482 5304
4482 6950
2870 6219
2870 3216
2870 3924
2870 6288
4578 516
4578 2627
4578 4790
4578 231
4578 6386
4578 3056
4578 2920
4578 3235
4578 824
4578 2206
4578 2291
4578 5033
4578 1838
4578 3638
4578 1598
4578 5995
4578 5137
4578 7003
5413 588
5413 5695
5413 1331
5413 4652
5413 5255
5413 5012
5413 5221
5413 1785
5413 3850
5413 1938
5413 6646
5413 3505
5413 698
5413 6456
5413 6630
5413 6061
5413 3090
5413 2254
5413 2279
5413 2272
5413 5648
5413 4516
5413 2638
5413 6994
5413 4751
5413 1189
5413 1446
5413 5400
5413 4156
5413 6753
5413 3990
5413 4311
5413 4933
5413 4633
5413 2396
5413 2140
5413 220
5413 6612
5413 215
5413 6679
5413 2715
5413 4540
5413 5468
5413 3587
5413 1385
5413 5687
5413 14
5413 6046
5413 5147
5413 5973
5413 839
2644 6496
2644 3297
2644 5292
2644 4438
2644 4280
2644 1066
2644 4885
2644 5949
2644 1255
2644 4862
2644 4316
2644 1682
343 110
343 6656
343 6751
343 5433
343 6699
343 1728
343 2699
343 5844
343 4197
343 4251
343 6330
343 6967
343 701
343 3277
5842 5289
5842 941
5842 1498
5842 6191
5842 618
5842 741
5842 4089
5842 4358
5842 4841
899 107
899 2045
5493 2090
5493 5880
5493 5890
5493 5480
5493 3927
5493 3757
3043 1796
3043 39
3043 3755
3043 2752
3043 2003
3043 459
3043 5706
3043 4977
3043 501
3569 6585
3569 807
3569 2688
3569 6779
3569 4053
3569 459
4110 3957
4110 4505
4110 7041
4110 4313
4110 5855
4110 6824
4110 4710
4110 6636
4110 4063
4110 1322
6334 3259
6334 3647
6334 6951
6334 6385
6334 924
6334 4546
6334 3441
6334 4101
6334 885
6334 440
6334 4563
6334 6216
6334 6393
2299 2243
2299 5340
2299 3192
2299 5303
2299 5411
2299 4742
2299 5142
2299 5932
2299 5168
2299 347
2299 706
2299 1405
2299 966
2299 4706
2299 4605
2299 6461
2299 5495
2299 5476
2299 42
2299 5128
3971 5008
3971 3895
3971 4591
3971 5465
3971 3537
3971 1742
3971 3657
3657 3971
3657 6013
3657 6319
3657 5306
3657 2363
178 6136
178 5922
178 1659
178 557
2935 4707
2935 5074
2935 34
2935 4717
2935 5037
2935 271
2935 4227
2935 5613
2935 2499
2935 926
2935 3456
2935 6015
2935 4894
2935 2284
2935 3363
2935 5297
2935 3310
3177 5938
3177 4127
3177 2531
3177 3253
3177 6880
3177 6897
3177 2776
3177 1466
3177 2989
3302 1475
3302 3333
3302 323
3302 4850
3302 455
3302 7052
5514 4579
5514 4094
5514 2475
4723 5410
4723 2599
4723 2823
4723 3678
4723 1850
4723 3004
4723 6167
4723 5061
322 3374
4244 154
4244 6196
4244 635
4244 2091
4244 5196
4244 6232
4244 5716
4244 652
6740 5716
6740 5604
6740 412
6740 2482
1636 2142
1636 4496
1636 575
1636 3164
4243 4011
4243 5521
4243 897
4243 376
4243 1095
4243 1883
4243 2112
4243 6285
4243 2029
4243 6295
4243 1068
4243 3172
4243 6685
4243 1959
4243 3636
4243 6925
4986 6196
4986 1183
4986 4463
406 5066
406 2544
406 2729
406 6841
406 5225
406 3489
406 1027
406 6024
406 4113
406 5140
406 5925
406 4352
406 2021
406 5733
406 3433
406 778
406 147
406 4474
406 790
406 2551
406 346
406 5215
406 312
406 4159
406 6742
406 6697
406 6808
406 72
406 216
406 1142
406 554
406 1245
406 4787
406 1325
406 6488
406 2489
406 5777
406 6823
406 6278
406 6760
406 3330
406 6001
406 5906
406 789
406 5605
406 3833
406 2194
406 2698
4586 6172
4586 1099
4586 6033
4586 2716
4586 3155
4586 2642
4586 1062
4586 3414
4586 3767
4586 2711
4586 3658
4586 2307
4586 2096
4586 5488
4586 6332
4586 5003
4586 3722
4586 545
4586 6370
4586 6283
4586 4372
3494 4585
3494 2229
3494 2710
3494 5381
3674 3197
3674 5714
3674 3984
3674 4807
2960 5815
2960 960
2960 4245
2960 5363
2960 4521
2960 5734
450 2540
450 1447
450 2650
450 3491
450 5856
450 3954
450 2056
450 4997
450 4026
450 4034
450 1552
450 1061
450 4491
450 555
450 173
3137 1067
3137 1080
3137 6664
3137 3207
3137 2510
4695 549
4695 2574
4695 3708
4695 2809
4695 7037
4695 1220
4695 1071
4695 3147
4695 6554
4695 1840
4695 3650
4695 3357
4695 949
4695 3557
4695 2162
4695 6235
4695 2379
4695 6328
4695 1730
2579 979
2579 4886
2579 5219
2579 5452
2579 7036
2579 4406
923 463
923 459
2718 6566
2718 2754
2718 6302
2718 6110
6590 4755
6590 6573
6590 6335
6590 6102
6590 977
6590 6098
6590 3777
6590 6402
6590 1416
6590 808
6590 2373
6590 184
6590 5630
6590 5957
2175 2436
2175 4168
2175 6573
2175 3667
2175 2234
2175 3801
2175 1587
2175 3174
2175 2441
1524 6637
1524 5298
1524 32
1524 4743
1524 6335
1524 3349
1524 6909
1524 187
1524 3717
1524 6904
1524 5837
1524 5368
1524 6148
1524 2930
1524 2801
1524 2409
1524 5853
2014 188
2014 1488
2014 388
2014 3305
2014 5970
2014 4697
2014 4622
2014 5001
2014 3690
2014 946
2014 3922
2014 4298
2014 5444
2014 4396
2014 5220
5492 6948
5492 6184
5492 43
5492 6838
5492 3825
5492 2771
5492 2763
5492 6210
5492 1656
5492 5580
5492 5909
5492 4188
5492 6953
5492 6043
5492 1715
5492 2681
5492 745
5492 872
5492 219
5492 2221
5492 380
5492 4349
5492 6807
5492 4612
5492 4581
5492 3712
5492 54
5492 4493
5492 324
5492 1388
5492 3036
5492 1976
5492 6500
5492 4669
5492 2402
5492 4918
5492 1534
5492 1110
5492 922
5492 1483
